terrain traversal:
BL = 38.406220, -110.792135
TR = 38.410148, -110.782748

science:
BL = 38.400047, -110.792099
TR = 38.402733, -110.787334