terrain traversal:
BL = 38.406241, -110.792593
TR = 38.408966, -110.789844

science:
BL = 38.400047, -110.792099
TR = 38.402733, -110.787334

assistance:
BL = 38.417664, -110.788840
TR = 38.421371, -110.781349

hotel:
BL = 38.370145, -110.705247
TR = 38.375459, -110.698541